"female" "mathkind" "mathgain" "ses" "mathprep" "classid" "schoolid" "childid"
1 448 32 0.46000000834465 2 160 1 1
0 460 109 -0.270000010728836 2 160 1 2
1 511 56 -0.0299999993294477 2 160 1 3
0 449 83 -0.379999995231628 3.25 217 1 4
0 425 53 -0.0299999993294477 3.25 217 1 5
1 450 65 0.759999990463257 3.25 217 1 6
0 452 51 -0.0299999993294477 3.25 217 1 7
0 443 66 0.200000002980232 3.25 217 1 8
1 422 88 0.639999985694885 3.25 217 1 9
0 480 -7 0.129999995231628 3.25 217 1 10
0 502 60 0.829999983310699 3.25 217 1 11
1 502 -2 0.0599999986588955 2.5 197 2 12
0 430 101 0.300000011920929 2.5 197 2 13
0 526 30 -0.270000010728836 2.32999992370605 211 2 14
0 504 65 0.740000009536743 2.32999992370605 211 2 15
1 527 29 0.310000002384186 2.32999992370605 211 2 16
1 462 152 1.10000002384186 2.32999992370605 211 2 17
0 483 50 0.519999980926514 2.29999995231628 307 2 18
1 516 60 -1.14999997615814 2.29999995231628 307 2 19
0 476 74 0 2.29999995231628 307 2 20
0 453 91 0.389999985694885 2.29999995231628 307 2 21
0 494 68 -0.0599999986588955 3.82999992370605 11 3 22
0 416 94 -0.259999990463257 3.82999992370605 11 3 23
0 456 120 0.639999985694885 3.82999992370605 11 3 24
1 445 58 -0.370000004768372 3.82999992370605 11 3 25
0 446 123 0.540000021457672 2.25 137 3 26
1 479 88 2.21000003814697 2.25 137 3 27
0 474 60 -0.430000007152557 3 145 3 28
0 453 152 0.409999996423721 3 145 3 29
0 494 96 0.0599999986588955 3 145 3 30
1 529 57 -0.0900000035762787 3 145 3 31
0 461 115 1.58000004291534 3 145 3 32
0 482 58 0.119999997317791 2.17000007629395 228 3 33
0 475 51 -0.349999994039536 2.17000007629395 228 3 34
0 464 104 0.899999976158142 2.17000007629395 228 3 35
1 496 65 -1.02999997138977 2 48 4 36
1 443 64 -0.800000011920929 2 48 4 37
0 455 59 1.03999996185303 2 48 4 38
0 447 70 -0.300000011920929 2 48 4 39
1 501 63 0.899999976158142 2 179 4 40
0 434 -110 -0.370000004768372 2 179 4 41
1 462 73 -0.0299999993294477 3.75 299 5 42
0 444 100 -0.0299999993294477 3.75 299 5 43
1 472 -9 -1.38999998569489 3.75 299 5 44
1 450 67 -1.25 3.75 299 5 45
0 463 58 -0.280000001192093 3.75 299 5 46
1 381 72 0.409999996423721 3.75 299 5 47
1 447 88 0.00999999977648258 1.75 254 6 48
0 504 115 -0.310000002384186 1.75 254 6 49
0 483 62 -1.42999994754791 4 286 6 50
1 459 42 -0.730000019073486 4 286 6 51
0 472 88 1.30999994277954 4 286 6 52
1 475 71 0.0900000035762787 4 286 6 53
0 468 74 0.349999994039536 4 286 6 54
0 467 67 -0.0199999995529652 4 286 6 55
1 418 74 0.790000021457672 2.5 291 6 56
1 415 87 -0.689999997615814 2.5 291 6 57
0 444 83 -0.439999997615814 2.5 291 6 58
0 433 93 0.28999999165535 2.5 291 6 59
0 427 56 -1.29999995231628 2.32999992370605 89 7 60
1 428 40 -0.319999992847443 2.32999992370605 89 7 61
1 429 69 0.569999992847443 2.32999992370605 89 7 62
1 497 75 -0.0299999993294477 2.5 107 7 63
1 422 57 0.939999997615814 2.5 107 7 64
1 487 23 -1.01999998092651 2.5 107 7 65
0 435 53 -0.879999995231628 2.5 107 7 66
1 411 114 -0.779999971389771 2.32999992370605 162 7 67
1 396 56 -0.980000019073486 2.32999992370605 162 7 68
0 462 55 1.4099999666214 3.32999992370605 280 7 69
1 463 28 -0.349999994039536 3.32999992370605 280 7 70
0 444 61 -1.14999997615814 3.32999992370605 280 7 71
1 451 59 -0.46000000834465 3.32999992370605 280 7 72
1 437 57 -0.209999993443489 3.32999992370605 280 7 73
0 484 85 0.620000004768372 2 147 8 74
0 488 28 0.180000007152557 2 147 8 75
1 475 166 -0.140000000596046 2 147 8 76
0 544 61 1.11000001430511 2 147 8 77
1 467 47 -0.790000021457672 2 147 8 78
1 509 62 0.860000014305115 2 265 8 79
1 489 35 -0.109999999403954 2 265 8 80
1 448 52 0.150000005960464 2 265 8 81
0 516 70 0.280000001192093 2 265 8 82
0 489 11 -1.37000000476837 1.5 279 8 83
0 519 37 1.3400000333786 1.5 279 8 84
0 517 36 -0.159999996423721 1.5 279 8 85
1 552 13 0.689999997615814 1.5 279 8 86
0 475 6 0.200000002980232 1.5 279 8 87
1 535 21 0.389999985694885 1.5 279 8 88
1 472 26 1.3400000333786 1.5 279 8 89
1 497 22 -0.109999999403954 1.25 17 9 90
0 542 26 -0.0299999993294477 1.25 17 9 91
0 422 74 1 1.25 17 9 92
1 482 41 -0.0299999993294477 1.16999995708466 58 9 93
0 459 13 0 3 283 9 94
1 450 33 -1.45000004768372 3 283 9 95
0 376 102 -0.300000011920929 3.25 178 10 96
1 460 72 -0.379999995231628 3.25 178 10 97
1 473 44 -0.819999992847443 2.5 208 10 98
0 428 78 -0.970000028610229 2.5 208 10 99
0 437 48 -0.939999997615814 2.5 208 10 100
0 436 90 -1.26999998092651 2.5 208 10 101
1 449 78 -1.0900000333786 2 278 10 102
0 477 107 0.189999997615814 2 278 10 103
1 477 67 -0.100000001490116 2 278 10 104
1 410 75 -0.209999993443489 2 278 10 105
0 439 69 0.150000005960464 2 278 10 106
0 463 51 1.70000004768372 2 278 10 107
1 456 70 -0.579999983310699 2 278 10 108
0 433 103 -1 2 278 10 109
0 433 90 -0.449999988079071 3.75 303 10 110
0 427 85 -0.370000004768372 3.75 303 10 111
1 444 55 -1.21000003814697 3.75 303 10 112
1 426 65 -1.45000004768372 3.75 303 10 113
1 526 44 0.829999983310699 4 86 11 114
0 494 66 1.41999995708466 4 86 11 115
0 494 58 2.15000009536743 4 86 11 116
1 479 90 0.560000002384186 4 86 11 117
1 538 35 -0.660000026226044 4 86 11 118
1 484 84 0.899999976158142 2.5 113 11 119
0 576 8 -0.0700000002980232 2.5 113 11 120
1 485 58 0.400000005960464 2.5 113 11 121
0 535 22 1.30999994277954 2.25 131 11 122
1 467 77 -0.270000010728836 2.25 131 11 123
0 505 25 -0.00999999977648258 2.24000000953674 172 11 124
1 480 22 0.270000010728836 2.24000000953674 172 11 125
1 629 -35 0.0700000002980232 2.24000000953674 172 11 126
1 488 38 0.939999997615814 2.24000000953674 172 11 127
1 509 28 0.629999995231628 2.5 195 11 128
1 493 77 0.409999996423721 2.5 195 11 129
0 470 69 -0.319999992847443 2.5 195 11 130
0 529 62 2.05999994277954 2.5 195 11 131
1 468 38 -0.0199999995529652 3 201 11 132
1 514 18 0.0299999993294477 3 201 11 133
1 465 67 0.209999993443489 3 201 11 134
1 511 20 1.05999994277954 3 201 11 135
0 461 42 -1.16999995708466 3 201 11 136
0 496 54 0.709999978542328 2 233 11 137
1 499 111 0.610000014305115 2 285 11 138
1 454 68 -0.340000003576279 2 285 11 139
1 527 38 0.100000001490116 2 285 11 140
1 516 51 0.800000011920929 2.5 293 11 141
0 434 94 -0.769999980926514 2.5 293 11 142
1 499 39 1.32000005245209 2.5 293 11 143
0 469 96 0.0299999993294477 2.5 293 11 144
0 424 36 -0.0299999993294477 3 20 12 145
0 485 58 -0.0299999993294477 3 20 12 146
1 463 53 0.589999973773956 3 20 12 147
0 427 63 0.449999988079071 1.5 49 12 148
0 401 74 -0.219999998807907 1.5 49 12 149
1 486 23 0.610000014305115 1.5 49 12 150
1 522 12 -0.0299999993294477 1.5 49 12 151
0 450 53 -0.0299999993294477 1.5 49 12 152
0 408 104 -0.0299999993294477 1.5 49 12 153
0 493 27 1.12000000476837 2 81 12 154
1 417 46 -0.0299999993294477 2 81 12 155
0 428 95 -0.0299999993294477 2 81 12 156
1 453 50 -0.600000023841858 2 81 12 157
1 435 84 -0.0299999993294477 2 81 12 158
1 450 40 -0.600000023841858 2 81 12 159
1 464 59 -0.0299999993294477 2 81 12 160
1 433 91 -0.419999986886978 2 81 12 161
0 429 111 0.730000019073486 3.05999994277954 251 12 162
1 497 41 0.879999995231628 3.05999994277954 251 12 163
0 430 18 0.259999990463257 3.05999994277954 251 12 164
1 535 28 0.0700000002980232 2.5 302 12 165
0 535 5 0.180000007152557 2.5 302 12 166
1 508 67 1.63999998569489 2.5 302 12 167
0 459 59 -0.0299999993294477 2.5 302 12 168
0 474 45 0.730000019073486 2.5 302 12 169
0 491 47 -0.0299999993294477 2.5 302 12 170
1 491 26 1.32000005245209 2.5 302 12 171
0 433 52 0.860000014305115 2.5 64 13 172
1 462 32 0.579999983310699 2.5 64 13 173
1 462 44 -0.759999990463257 2.5 64 13 174
1 506 41 -0.239999994635582 2.5 64 13 175
0 477 98 0.00999999977648258 2.5 64 13 176
1 466 59 0.28999999165535 2 166 13 177
0 529 -11 0.0799999982118607 2 166 13 178
1 499 35 -0.189999997615814 2 166 13 179
0 481 79 0.310000002384186 2 166 13 180
0 470 26 -0.370000004768372 5.25 41 14 181
0 519 -11 -0.140000000596046 5.25 41 14 182
1 441 23 0.0500000007450581 5.25 41 14 183
0 436 88 0.28999999165535 5.25 41 14 184
1 431 52 -1.12000000476837 5.25 41 14 185
0 515 13 0.239999994635582 3 141 14 186
0 467 32 -0.419999986886978 3 141 14 187
1 455 19 -0.300000011920929 3 141 14 188
1 415 62 -0.200000002980232 3 141 14 189
0 477 69 0.0900000035762787 3 141 14 190
0 490 71 0.00999999977648258 2 167 14 191
0 521 25 0.0599999986588955 2 167 14 192
0 437 90 0.0299999993294477 2 167 14 193
0 526 41 -0.389999985694885 2 167 14 194
1 434 65 0.340000003576279 2 167 14 195
0 342 182 -0.239999994635582 1.33000004291534 5 15 196
1 404 79 0.730000019073486 6 85 15 197
1 457 36 0.0700000002980232 6 85 15 198
1 457 47 -0.370000004768372 6 85 15 199
1 397 103 -0.349999994039536 6 85 15 200
0 422 91 -0.28999999165535 6 85 15 201
0 424 113 -0.910000026226044 6 85 15 202
0 439 98 0.230000004172325 6 85 15 203
1 449 94 -0.479999989271164 2.25 92 15 204
0 506 39 0.970000028610229 2.5 119 15 205
0 533 33 -0.970000028610229 1 260 15 206
1 446 38 -1.00999999046326 1 260 15 207
0 521 22 -0.759999990463257 1 260 15 208
0 412 118 1.46000003814697 2.29999995231628 206 16 209
1 474 83 0.680000007152557 2.29999995231628 206 16 210
1 447 78 0.0500000007450581 2.29999995231628 206 16 211
0 441 74 -1.51999998092651 2.29999995231628 206 16 212
1 411 90 -0.0199999995529652 2.29999995231628 206 16 213
1 390 108 -0.439999997615814 4 256 16 214
0 429 51 -1.02999997138977 2.82999992370605 7 17 215
1 381 143 -0.490000009536743 3.25 10 17 216
0 419 69 -1.35000002384186 3.25 10 17 217
0 441 54 -0.490000009536743 2.5 87 17 218
0 379 129 -0.509999990463257 3.32999992370605 177 17 219
1 434 65 1.03999996185303 3.32999992370605 177 17 220
0 416 57 -0.720000028610229 3.32999992370605 177 17 221
0 403 49 -0.689999997615814 3 216 17 222
0 457 62 -0.930000007152557 3 216 17 223
0 419 71 -0.610000014305115 2.25 31 18 224
1 409 75 0.569999992847443 2.25 31 18 225
0 290 164 -0.140000000596046 2.25 31 18 226
1 440 49 -0.0299999993294477 2.25 31 18 227
0 431 80 -0.180000007152557 2.25 98 19 228
0 437 37 -0.850000023841858 2.25 98 19 229
0 477 45 -0.129999995231628 2.25 98 19 230
0 416 56 1.55999994277954 2.25 98 19 231
1 455 50 -0.159999996423721 2.25 98 19 232
1 470 24 -0.360000014305115 5.5 110 19 233
0 456 101 -0.150000005960464 5.5 110 19 234
1 422 31 -0.610000014305115 5.5 110 19 235
1 484 51 1.22000002861023 5.5 110 19 236
1 463 57 0.28999999165535 1.75 170 19 237
1 398 79 -0.660000026226044 1.75 170 19 238
1 445 72 -0.800000011920929 3.32999992370605 30 20 239
1 484 29 -0.579999983310699 3.32999992370605 30 20 240
1 393 47 -0.509999990463257 3.32999992370605 30 20 241
1 447 68 -1.00999999046326 3.32999992370605 30 20 242
0 429 67 -0.469999998807907 2.5 94 20 243
0 453 41 -0.639999985694885 2.5 94 20 244
1 508 63 -0.239999994635582 2.5 94 20 245
1 462 97 0.610000014305115 2.5 94 20 246
0 435 67 -0.629999995231628 2.5 94 20 247
0 485 43 -0.400000005960464 2.5 94 20 248
0 484 68 -0.980000019073486 2.25 101 20 249
1 417 79 -1.1599999666214 2.25 101 20 250
0 431 36 -0.319999992847443 3.75 6 21 251
0 454 23 -0.0299999993294477 3.75 6 21 252
0 452 34 0.280000001192093 3.75 6 21 253
1 448 44 0.310000002384186 3.75 6 21 254
1 405 60 0.330000013113022 3.75 6 21 255
0 460 86 0.200000002980232 3.17000007629395 130 21 256
0 435 24 -0.439999997615814 3.17000007629395 130 21 257
0 461 73 0.680000007152557 3.17000007629395 130 21 258
0 434 75 0.100000001490116 3.17000007629395 130 21 259
0 494 46 0.25 4.5 158 21 260
0 443 87 0.509999990463257 4.5 158 21 261
0 524 49 0.0799999982118607 4.5 158 21 262
0 437 67 0.529999971389771 4.5 158 21 263
0 392 91 -0.800000011920929 4.5 158 21 264
0 457 28 -0.159999996423721 4.5 158 21 265
1 431 102 -1.10000002384186 4.5 158 21 266
1 494 39 0.370000004768372 4.5 158 21 267
0 433 46 -1.44000005722046 2 159 22 268
1 449 48 0.469999998807907 2 159 22 269
1 447 39 0.310000002384186 2 159 22 270
1 462 25 -0.300000011920929 2 159 22 271
0 459 82 -0.889999985694885 2.25 43 23 272
1 495 34 0.589999973773956 2.25 43 23 273
0 483 43 -0.779999971389771 2.25 43 23 274
1 462 117 -0.810000002384186 2 47 23 275
0 447 74 -0.75 2.25 163 23 276
1 497 30 -0.330000013113022 2.25 55 24 277
1 494 -2 0.189999997615814 2.25 55 24 278
1 427 65 0.680000007152557 2.25 55 24 279
1 447 30 -0.170000001788139 2.25 55 24 280
1 477 0 -0.870000004768372 2.25 55 24 281
0 539 -16 1.57000005245209 3 77 24 282
1 431 106 -0.340000003576279 2.25 93 24 283
1 496 88 0.209999993443489 2.5 150 24 284
1 443 38 -0.0299999993294477 2.17000007629395 97 25 285
1 469 27 0.0299999993294477 2.17000007629395 97 25 286
1 374 59 -0.400000005960464 2 297 25 287
1 513 -6 -0.759999990463257 2 297 25 288
1 450 34 -0.0299999993294477 2 297 25 289
0 447 7 0.529999971389771 2 297 25 290
0 450 39 -0.639999985694885 2 297 25 291
0 439 97 0.670000016689301 2.25 78 26 292
0 480 56 -0.0299999993294477 2.25 78 26 293
1 497 56 -1.37000000476837 2.25 78 26 294
1 482 43 -0.25 2.25 78 26 295
0 409 71 0.349999994039536 2.25 78 26 296
1 466 42 -0.529999971389771 2.25 78 26 297
0 439 88 -0.319999992847443 2.25 78 26 298
0 430 86 1.03999996185303 2.25 78 26 299
1 470 41 0.400000005960464 4.75 102 26 300
0 476 43 -0.0299999993294477 4.75 102 26 301
0 481 78 -1.35000002384186 4.75 102 26 302
0 443 65 -0.0299999993294477 2 139 26 303
1 415 -2 -0.0299999993294477 2 139 26 304
1 503 41 0.540000021457672 2 139 26 305
0 468 64 0.209999993443489 2 139 26 306
0 515 30 1.01999998092651 3 104 27 307
0 505 48 1.13999998569489 3 104 27 308
0 440 44 0.509999990463257 3 104 27 309
0 454 25 -0.629999995231628 3 104 27 310
0 520 69 0.360000014305115 3 104 27 311
1 542 138 2.26999998092651 3 104 27 312
1 498 81 0.519999980926514 2.17000007629395 190 27 313
1 495 41 -0.389999985694885 2.17000007629395 190 27 314
0 491 54 -0.180000007152557 2.17000007629395 190 27 315
1 499 88 -0.379999995231628 2.17000007629395 190 27 316
1 450 56 -0.200000002980232 2.17000007629395 190 27 317
0 471 82 -0.0599999986588955 2.17000007629395 190 27 318
1 497 78 0.449999988079071 2.17000007629395 190 27 319
0 568 19 1.27999997138977 2.17000007629395 190 27 320
0 509 24 0.629999995231628 1 230 27 321
1 544 3 0.0199999995529652 1 230 27 322
0 536 42 -0.00999999977648258 2 262 27 323
0 510 67 0.28999999165535 2 262 27 324
1 408 76 0.800000011920929 2 262 27 325
0 471 54 0.0500000007450581 2 262 27 326
1 513 113 2.1800000667572 2 262 27 327
0 544 -5 0.400000005960464 2 114 28 328
1 464 33 -1.45000004768372 2 114 28 329
1 467 47 -1.10000002384186 2 114 28 330
0 397 50 0 2 114 28 331
0 414 71 0.360000014305115 2 118 28 332
0 511 11 -0.949999988079071 3 202 28 333
0 524 2 0.219999998807907 3 202 28 334
1 454 10 -0.670000016689301 3 202 28 335
1 478 49 0.219999998807907 1 203 28 336
1 290 197 -0.46000000834465 1 203 28 337
1 493 39 0.449999988079071 3.75 115 29 338
1 483 89 -0.0599999986588955 3.75 115 29 339
0 490 56 -0.720000028610229 3.75 115 29 340
1 489 34 -0.850000023841858 3.75 115 29 341
1 505 17 -0.0500000007450581 2 223 29 342
0 452 87 1.03999996185303 2 223 29 343
1 536 -7 -0.349999994039536 2 223 29 344
1 537 42 -0.720000028610229 2 223 29 345
0 475 13 0.829999983310699 2 175 30 346
1 451 29 -0.100000001490116 2 175 30 347
0 401 41 -0.370000004768372 2 175 30 348
1 497 -2 -0.0500000007450581 4 51 31 349
0 406 64 -0.349999994039536 4 51 31 350
0 460 41 -0.0500000007450581 4 51 31 351
1 432 18 -0.479999989271164 4 51 31 352
1 414 61 -0.779999971389771 4 51 31 353
0 370 91 -0.800000011920929 4 51 31 354
0 405 94 -0.25 2 156 31 355
0 454 31 0.0199999995529652 2 156 31 356
0 454 55 0.25 2 156 31 357
1 471 14 -0.720000028610229 2 156 31 358
1 463 43 -0.230000004172325 2 156 31 359
1 448 70 1.05999994277954 2 156 31 360
0 480 76 -0.879999995231628 5.25 234 31 361
1 467 25 -0.119999997317791 5.25 234 31 362
1 495 45 -0.379999995231628 5.25 234 31 363
1 451 44 1.3400000333786 5.25 234 31 364
1 370 163 -0.959999978542328 5.25 234 31 365
1 435 97 0.00999999977648258 5.25 234 31 366
1 410 84 -0.0299999993294477 5.25 234 31 367
1 451 -20 0.389999985694885 2 258 31 368
1 487 13 -0.419999986886978 2 258 31 369
0 453 7 -0.529999971389771 2 258 31 370
0 470 100 0.00999999977648258 2 191 32 371
1 488 61 0.600000023841858 2.25 204 32 372
1 561 3 1.05999994277954 2.25 204 32 373
1 452 92 0.490000009536743 2 252 32 374
0 516 32 -0.5 2 252 32 375
1 470 68 0.540000021457672 2 252 32 376
1 515 56 -0.360000014305115 2 252 32 377
0 492 74 -0.740000009536743 2 252 32 378
1 529 -12 -0.0299999993294477 2 252 32 379
1 398 65 -0.119999997317791 4.5 26 33 380
1 453 49 -0.720000028610229 4.5 26 33 381
1 523 47 -0.28999999165535 4.5 26 33 382
1 440 94 -0.0299999993294477 4.5 26 33 383
0 419 102 0.00999999977648258 4.5 26 33 384
0 395 103 -0.0900000035762787 4.5 26 33 385
0 483 32 -1.16999995708466 4.5 26 33 386
1 439 100 0.600000023841858 4.5 26 33 387
1 498 53 1.32000005245209 4.5 26 33 388
1 478 96 0.990000009536743 4.5 26 33 389
0 508 -20 -0.400000005960464 2.29999995231628 32 33 390
1 496 29 1.16999995708466 2.29999995231628 32 33 391
0 448 101 -0.310000002384186 2.29999995231628 32 33 392
1 483 12 -0.0299999993294477 2.29999995231628 32 33 393
0 476 27 0.200000002980232 5.5 88 33 394
1 485 16 0.0799999982118607 5.5 88 33 395
1 443 39 -1.32000005245209 4 100 33 396
0 423 62 -0.400000005960464 2.75 229 33 397
0 380 118 -0.00999999977648258 2.75 229 33 398
1 395 137 0.0599999986588955 2.75 229 33 399
0 454 58 2.17000007629395 2.75 229 33 400
0 393 57 0.550000011920929 2.75 229 33 401
0 453 60 -0.409999996423721 3 2 34 402
0 472 52 -1.61000001430511 3 2 34 403
1 437 85 0.550000011920929 3 2 34 404
1 475 56 0.0399999991059303 4.17000007629395 188 34 405
0 412 41 -1.42999994754791 4.17000007629395 188 34 406
1 423 73 -1.42999994754791 4.17000007629395 188 34 407
0 439 -12 -0.829999983310699 4.17000007629395 188 34 408
1 422 44 -0.970000028610229 5 56 35 409
1 507 10 -0.490000009536743 5 56 35 410
0 483 -7 -0.620000004768372 5 56 35 411
1 499 48 -1.00999999046326 5 56 35 412
1 478 55 0.389999985694885 5 56 35 413
0 456 53 -0.310000002384186 2 122 35 414
0 494 8 -0.850000023841858 2 122 35 415
1 480 54 -0.519999980926514 2 122 35 416
0 551 7 -0.270000010728836 2 122 35 417
0 446 26 -1.12999999523163 2 122 35 418
0 476 34 -0.170000001788139 2 122 35 419
1 500 31 -0.180000007152557 3 63 36 420
1 500 80 -0.159999996423721 3 63 36 421
1 446 77 0.540000021457672 1.5 180 36 422
0 445 60 1.07000005245209 1.5 180 36 423
1 436 88 -0.839999973773956 1.5 180 36 424
1 504 76 -0.5 1.5 180 36 425
0 420 88 -0.349999994039536 1.5 180 36 426
1 495 76 -0.270000010728836 1.5 180 36 427
1 448 37 -0.0199999995529652 2 103 37 428
1 465 5 -0.439999997615814 2 103 37 429
1 473 18 -0.479999989271164 2 103 37 430
0 350 136 -0.349999994039536 3 125 37 431
1 429 65 0.5 3 125 37 432
0 450 53 -0.509999990463257 3 125 37 433
0 440 48 0.109999999403954 3 125 37 434
1 407 74 -1.01999998092651 2 210 37 435
1 438 80 0.209999993443489 2 210 37 436
1 434 6 -0.280000001192093 2 210 37 437
0 452 39 0.400000005960464 1.5 249 37 438
1 477 10 0.259999990463257 2.5 16 38 439
0 502 61 0.370000004768372 2.5 16 38 440
0 470 32 -0.370000004768372 2.5 16 38 441
0 475 77 -0.379999995231628 2.5 16 38 442
1 437 57 1.3400000333786 2.5 16 38 443
0 359 99 0.280000001192093 2.5 16 38 444
0 441 9 1.25999999046326 2.5 309 38 445
0 436 51 0.0700000002980232 2.5 309 38 446
0 494 34 -0.899999976158142 2.5 309 38 447
0 544 -34 -0.660000026226044 1.5 79 39 448
0 483 28 -0.600000023841858 1.5 79 39 449
1 516 74 -0.620000004768372 1.5 79 39 450
0 545 -22 -0.170000001788139 1.5 79 39 451
0 451 45 -0.389999985694885 1.5 79 39 452
1 471 21 -0.860000014305115 1.75 198 39 453
1 511 0 -0.819999992847443 1.75 198 39 454
1 490 48 -1.12000000476837 2 274 39 455
1 592 -11 -0.28999999165535 2.75 288 39 456
0 424 85 0.159999996423721 2.75 288 39 457
0 566 52 -0.5 2.75 288 39 458
0 450 41 -0.610000014305115 2.75 288 39 459
0 475 16 -0.360000014305115 1.5 9 40 460
1 526 8 -0.519999980926514 1.5 9 40 461
0 448 -51 -0.720000028610229 1.5 9 40 462
0 467 87 -0.569999992847443 2.5 257 40 463
0 525 64 -0.620000004768372 2.5 257 40 464
0 491 24 -0.219999998807907 2.5 257 40 465
1 464 85 -0.270000010728836 2.5 257 40 466
0 446 65 1.20000004768372 2.82999992370605 18 41 467
0 431 91 -0.409999996423721 5.25 50 41 468
0 450 58 0.25 5.25 50 41 469
1 474 77 0.689999997615814 5.25 50 41 470
0 543 0 0.170000001788139 5.25 50 41 471
0 473 88 -0.379999995231628 2.25 142 41 472
0 452 70 -0.479999989271164 2.25 142 41 473
0 498 103 -0.389999985694885 2.25 142 41 474
1 472 67 -1.11000001430511 2.25 142 41 475
1 459 76 -0.0299999993294477 2 54 42 476
0 523 33 0.409999996423721 2 54 42 477
1 506 48 -0.649999976158142 2 54 42 478
1 481 59 0.300000011920929 2 54 42 479
1 463 50 0.629999995231628 2.75 70 42 480
1 484 77 -0.939999997615814 3 207 42 481
1 430 33 -0.930000007152557 3 207 42 482
1 463 40 -1.01999998092651 3 207 42 483
1 475 55 0.0500000007450581 3 207 42 484
0 483 47 -1.24000000953674 3 207 42 485
1 424 62 -0.920000016689301 3 207 42 486
0 461 74 0.430000007152557 2.5 296 42 487
1 468 39 -0.200000002980232 2.5 296 42 488
1 415 99 0 2.5 296 42 489
1 432 59 0.100000001490116 2.5 296 42 490
0 499 54 -0.140000000596046 2.5 296 42 491
0 453 91 -0.330000013113022 2.5 296 42 492
0 508 67 1.6599999666214 2.5 296 42 493
1 470 25 0.490000009536743 2.25 220 43 494
0 471 70 0.259999990463257 2.25 220 43 495
1 517 37 -0.819999992847443 2.25 227 43 496
1 422 90 -1.35000002384186 2.25 227 43 497
0 482 65 0.970000028610229 2.5 176 44 498
1 414 86 -0.0399999991059303 2.5 176 44 499
1 435 79 -0.0299999993294477 2.5 176 44 500
1 465 71 0.430000007152557 2.5 176 44 501
1 499 36 0.680000007152557 2 219 44 502
0 423 98 -0.319999992847443 2 219 44 503
1 448 68 -0.0299999993294477 2 219 44 504
0 483 34 -1.11000001430511 2 219 44 505
0 443 126 -0.300000011920929 2.24000000953674 246 44 506
1 523 25 0.540000021457672 2.24000000953674 246 44 507
1 417 70 -0.699999988079071 2.24000000953674 246 44 508
0 432 115 -0.0299999993294477 2.24000000953674 246 44 509
0 547 -3 0.540000021457672 2 268 44 510
1 477 80 1.21000003814697 2 268 44 511
0 420 97 -0.0299999993294477 2 268 44 512
0 509 67 0.829999983310699 2 268 44 513
1 494 59 -0.469999998807907 2 268 44 514
1 503 8 -0.0399999991059303 3.25 300 45 515
0 461 87 0.28999999165535 3.25 300 45 516
0 469 71 -1.27999997138977 3.25 300 45 517
0 482 90 -0.959999978542328 3.25 300 45 518
1 459 77 -0.670000016689301 3.25 300 45 519
0 381 97 -0.159999996423721 2 19 46 520
0 464 62 -0.740000009536743 2 19 46 521
0 484 39 1.0900000333786 2.67000007629395 69 46 522
0 470 28 0.509999990463257 2.67000007629395 69 46 523
1 502 47 -0.0799999982118607 2.67000007629395 69 46 524
1 441 72 -0.360000014305115 1.75 71 46 525
0 459 85 0.829999983310699 1.75 71 46 526
0 420 81 -0.569999992847443 2.5 133 46 527
1 474 34 -0.119999997317791 2.5 133 46 528
1 461 36 0.349999994039536 2.5 133 46 529
0 481 16 0.0700000002980232 3.17000007629395 240 46 530
1 438 34 -0.829999983310699 3.17000007629395 240 46 531
1 469 71 -0.579999983310699 3.17000007629395 240 46 532
0 413 88 -0.740000009536743 2.5 61 47 533
1 462 14 -0.810000002384186 2.5 61 47 534
0 488 91 0.5 3.17000007629395 82 47 535
0 400 57 0.0700000002980232 3.17000007629395 82 47 536
0 442 7 -0.0399999991059303 3.17000007629395 82 47 537
0 485 54 0.0500000007450581 3.17000007629395 82 47 538
0 290 253 -0.400000005960464 3.17000007629395 82 47 539
0 438 70 -0.109999999403954 2 155 47 540
1 446 52 -0.219999998807907 2 155 47 541
1 501 52 1.11000001430511 2 155 47 542
0 421 68 -0.0299999993294477 2 153 48 543
1 418 40 -0.430000007152557 2 153 48 544
1 430 25 -0.560000002384186 2 153 48 545
1 464 61 1.9099999666214 2 153 48 546
0 458 36 1.32000005245209 2 153 48 547
1 391 64 -1.35000002384186 2 153 48 548
1 430 80 -0.5 2.25 105 49 549
0 409 144 0.259999990463257 2.25 105 49 550
0 459 48 0.0299999993294477 2.25 105 49 551
0 462 142 0.709999978542328 2.25 105 49 552
0 480 3 -0.360000014305115 3.5 212 49 553
0 503 77 -0.0299999993294477 3.5 212 49 554
0 458 66 -0.230000004172325 3.5 212 49 555
0 459 92 1.8400000333786 3.5 212 49 556
0 521 2 0.0599999986588955 2 25 50 557
1 507 70 -0.409999996423721 2 25 50 558
0 506 63 1.23000001907349 2 25 50 559
1 502 13 -0.280000001192093 2 25 50 560
0 477 46 -0.00999999977648258 2 127 50 561
0 470 85 -0.639999985694885 2 127 50 562
1 506 31 -0.600000023841858 2 127 50 563
0 553 20 1.23000001907349 2 289 50 564
1 469 26 0.970000028610229 2 289 50 565
1 483 95 -0.219999998807907 2 289 50 566
0 479 26 -0.400000005960464 2 289 50 567
0 494 50 -0.0199999995529652 2 289 50 568
1 472 62 -0.0299999993294477 2 59 51 569
1 420 84 -0.0900000035762787 2 59 51 570
0 454 35 0.200000002980232 2 59 51 571
0 495 45 -1.04999995231628 2 59 51 572
1 521 48 0.819999992847443 1.66999995708466 255 52 573
0 524 65 1.1599999666214 1.66999995708466 255 52 574
1 521 43 0.920000016689301 1.66999995708466 255 52 575
1 496 32 0.629999995231628 1.66999995708466 255 52 576
0 498 49 0.490000009536743 1.66999995708466 255 52 577
1 462 61 0.400000005960464 1.66999995708466 255 52 578
1 422 35 -1.02999997138977 3 270 52 579
0 428 30 -1.50999999046326 3 270 52 580
1 434 15 -0.529999971389771 3 270 52 581
1 489 47 -0.0299999993294477 2 14 53 582
1 434 65 -0.509999990463257 2 14 53 583
1 394 112 -0.0299999993294477 2 14 53 584
0 488 142 -0.280000001192093 2 14 53 585
1 512 14 -0.990000009536743 2.5 149 53 586
0 520 46 -0.200000002980232 2.5 149 53 587
0 491 61 -0.0299999993294477 2.5 149 53 588
1 460 91 -0.0500000007450581 2.5 149 53 589
0 471 48 0.0599999986588955 2 259 54 590
0 516 29 2.03999996185303 2 259 54 591
0 510 31 1.86000001430511 2 259 54 592
0 457 60 0.119999997317791 2 259 54 593
0 504 54 1.78999996185303 2 259 54 594
0 544 23 1.78999996185303 2 259 54 595
1 506 5 -0.709999978542328 2 259 54 596
1 451 32 2.9300000667572 2 259 54 597
0 515 16 -0.330000013113022 2 301 54 598
0 504 64 0.119999997317791 2 301 54 599
1 497 20 -0.180000007152557 2.5 24 55 600
0 476 6 -0.620000004768372 2.25 35 55 601
1 525 55 -0.0299999993294477 2.25 35 55 602
0 472 113 -1.27999997138977 2.25 35 55 603
0 427 67 1.0900000333786 2.25 35 55 604
1 446 62 0.449999988079071 4 117 55 605
1 465 59 0.0900000035762787 4 117 55 606
0 498 46 0.170000001788139 4 117 55 607
0 495 36 -1.01999998092651 4 117 55 608
0 491 18 -0.319999992847443 4 117 55 609
1 463 54 -1.14999997615814 4 117 55 610
0 478 76 -0.800000011920929 4 117 55 611
1 415 84 -0.239999994635582 4 117 55 612
1 506 -4 -0.430000007152557 2.75 3 56 613
1 516 18 -0.259999990463257 2.75 3 56 614
0 456 33 -0.509999990463257 2.75 3 56 615
1 511 122 1.53999996185303 3 168 56 616
1 524 53 0.119999997317791 3 168 56 617
0 480 77 -0.370000004768372 3 168 56 618
0 521 26 0.0700000002980232 3 168 56 619
0 505 55 0.379999995231628 3 168 56 620
0 482 85 0.0199999995529652 3 168 56 621
0 470 56 -1.27999997138977 3 168 56 622
1 431 89 -0.959999978542328 3 36 57 623
0 349 132 -0.759999990463257 3.5 40 57 624
1 465 127 0.189999997615814 3.5 40 57 625
1 474 22 -0.860000014305115 3.5 40 57 626
1 435 69 -1.13999998569489 2.5 171 57 627
1 484 39 -0.0500000007450581 3 250 57 628
0 498 52 -0.0700000002980232 3 250 57 629
0 466 34 -1.14999997615814 2.5 272 57 630
0 456 36 0.319999992847443 6 12 58 631
1 480 62 0.550000011920929 6 12 58 632
0 451 51 -0.800000011920929 6 12 58 633
1 500 109 -0.280000001192093 6 12 58 634
1 533 -8 0.0500000007450581 6 12 58 635
0 536 6 -0.850000023841858 1.5 34 59 636
1 506 41 0.00999999977648258 1 108 59 637
0 455 54 0.270000010728836 1 108 59 638
0 540 79 -0.280000001192093 1 108 59 639
1 482 102 -0.0299999993294477 1 121 60 640
0 493 122 -0.0299999993294477 1 121 60 641
0 445 72 -0.0299999993294477 1 121 60 642
1 432 36 -0.0299999993294477 1 121 60 643
0 445 118 -0.680000007152557 1 121 60 644
0 415 79 -0.0299999993294477 1 121 60 645
1 443 59 -0.0299999993294477 2 242 60 646
1 428 78 -0.730000019073486 2 242 60 647
0 449 74 -0.0700000002980232 2 242 60 648
0 492 79 -0.0299999993294477 2 242 60 649
0 515 24 0.300000011920929 2 242 60 650
0 489 23 -0.0299999993294477 2 242 60 651
1 470 94 -0.0299999993294477 2 242 60 652
0 442 35 -0.0900000035762787 2.5 1 61 653
0 422 109 -1.32000005245209 2.5 1 61 654
1 482 66 0.430000007152557 2.5 1 61 655
1 489 19 -0.0599999986588955 2.5 1 61 656
0 460 10 -1.27999997138977 2.5 1 61 657
0 448 52 -0.0299999993294477 2 124 61 658
1 449 15 -0.0299999993294477 2 192 61 659
1 441 37 -1.35000002384186 2 192 61 660
1 503 22 -1.21000003814697 4.25 267 61 661
1 454 50 -1.05999994277954 4.25 267 61 662
0 456 62 -1.02999997138977 4.25 267 61 663
1 629 -84 2.32999992370605 2.74000000953674 22 62 664
1 501 179 2 2.74000000953674 22 62 665
0 589 11 2.4300000667572 2.74000000953674 22 62 666
0 524 65 0.46000000834465 2.74000000953674 22 62 667
1 466 78 3.16000008583069 2.74000000953674 22 62 668
1 502 41 0.46000000834465 2.74000000953674 22 62 669
1 532 55 1.05999994277954 2.74000000953674 22 62 670
0 500 57 0.0799999982118607 2.74000000953674 22 62 671
1 527 37 2.05999994277954 2.29999995231628 46 62 672
0 496 61 3.21000003814697 2.29999995231628 46 62 673
1 596 23 0.730000019073486 2.29999995231628 46 62 674
0 499 112 1.80999994277954 2.29999995231628 46 62 675
0 419 67 1.22000002861023 2.29999995231628 46 62 676
1 474 17 0.0399999991059303 2 310 63 677
0 510 84 -0.670000016689301 2 310 63 678
0 496 64 -0.550000011920929 2 310 63 679
0 432 76 -0.860000014305115 3.5 38 64 680
1 436 77 0.0700000002980232 3.5 38 64 681
0 472 49 0.180000007152557 3.5 38 64 682
0 420 79 -0.689999997615814 3.5 38 64 683
1 447 97 0.75 3.5 38 64 684
0 463 40 -0.0299999993294477 3.5 38 64 685
1 429 67 0.109999999403954 3.5 38 64 686
0 494 32 -0.0199999995529652 2 294 64 687
1 449 95 -0.0799999982118607 2 294 64 688
0 465 62 -0.0299999993294477 2 294 64 689
1 466 17 -0.709999978542328 5 95 65 690
1 448 25 0.00999999977648258 5 95 65 691
0 524 52 0.300000011920929 2.5 128 65 692
1 466 88 -0.629999995231628 2.5 128 65 693
0 521 76 1.28999996185303 2.5 128 65 694
1 408 69 -0.720000028610229 2.5 128 65 695
0 474 23 -0.449999988079071 3.75 284 65 696
1 521 65 -0.990000009536743 3.75 284 65 697
0 503 92 1.16999995708466 3.75 284 65 698
0 514 64 -0.0299999993294477 2.17000007629395 91 66 699
1 478 56 -0.200000002980232 2.17000007629395 91 66 700
0 443 84 0.0599999986588955 2.17000007629395 91 66 701
1 445 53 0.219999998807907 2.17000007629395 91 66 702
0 474 61 0.610000014305115 2.75 218 66 703
0 500 38 1.78999996185303 2.75 218 66 704
0 464 57 -0.620000004768372 3 269 66 705
0 506 66 -0.0700000002980232 3 269 66 706
0 413 102 0.25 5.32999992370605 4 67 707
0 427 86 -0.119999997317791 5.32999992370605 4 67 708
0 482 66 -0.699999988079071 5.32999992370605 4 67 709
0 430 106 -0.529999971389771 5.32999992370605 4 67 710
1 441 79 -0.46000000834465 5.32999992370605 4 67 711
0 429 110 -0.75 5.32999992370605 4 67 712
1 401 107 0.0500000007450581 3.5 73 67 713
1 513 55 0.0599999986588955 3.5 73 67 714
1 437 82 -1.45000004768372 3.5 73 67 715
1 479 32 -0.709999978542328 1 245 67 716
0 431 57 -1.03999996185303 1 245 67 717
1 436 79 -0.0299999993294477 1 245 67 718
1 542 36 -0.550000011920929 1.5 57 68 719
0 487 44 -1.24000000953674 1.5 57 68 720
0 501 39 -0.360000014305115 1.5 57 68 721
1 463 86 -0.829999983310699 1.5 57 68 722
1 290 214 -0.670000016689301 6 244 68 723
1 488 75 -0.569999992847443 2 263 68 724
1 508 29 -0.340000003576279 2 263 68 725
1 489 71 -0.709999978542328 2 263 68 726
0 491 29 -0.800000011920929 3.17000007629395 271 68 727
1 435 91 -0.569999992847443 3.17000007629395 271 68 728
1 414 93 -1.14999997615814 3.17000007629395 271 68 729
0 409 128 -0.959999978542328 1.66999995708466 298 68 730
1 490 52 -0.159999996423721 1.66999995708466 298 68 731
1 500 59 -0.159999996423721 1.66999995708466 298 68 732
1 473 79 -1.21000003814697 1.66999995708466 298 68 733
1 423 123 0.879999995231628 1.66999995708466 298 68 734
0 365 107 -0.0299999993294477 2 90 69 735
1 443 66 -0.759999990463257 2 90 69 736
0 431 83 1.02999997138977 2 290 69 737
0 425 45 -0.639999985694885 2 290 69 738
1 456 22 0.550000011920929 2 290 69 739
0 484 96 -1.14999997615814 2 83 70 740
0 464 45 -1.19000005722046 2 83 70 741
1 509 53 -0.46000000834465 2 83 70 742
1 463 68 -1.45000004768372 2 83 70 743
0 400 107 -0.0900000035762787 2 83 70 744
1 418 108 -1.14999997615814 2 83 70 745
1 403 117 -0.589999973773956 2 83 70 746
1 405 62 -0.360000014305115 2.32999992370605 146 70 747
0 428 145 0.109999999403954 2.32999992370605 146 70 748
0 496 63 0.159999996423721 2.32999992370605 146 70 749
1 471 45 -1.26999998092651 3.25 152 70 750
1 434 36 -1.25 3.25 152 70 751
1 447 69 -0.980000019073486 3.25 152 70 752
1 481 66 -1.45000004768372 3.25 152 70 753
0 368 218 -1.13999998569489 3.25 152 70 754
1 439 54 -0.490000009536743 3.25 152 70 755
0 468 68 -0.0299999993294477 2.5 261 70 756
1 466 81 -1.01999998092651 4.5 311 70 757
0 514 32 -0.310000002384186 4.5 311 70 758
1 488 45 1.21000003814697 2.5 80 71 759
0 459 95 0.140000000596046 2.5 80 71 760
0 459 24 -0.0299999993294477 2.5 80 71 761
0 551 10 1.1599999666214 2.5 80 71 762
0 500 68 1.0900000333786 2.5 80 71 763
0 455 60 -0.779999971389771 2.5 80 71 764
1 551 82 -0.189999997615814 2 120 71 765
0 485 80 -0.0500000007450581 2 120 71 766
0 537 104 2.0699999332428 2 120 71 767
1 499 85 1.08000004291534 2 120 71 768
0 494 35 0.100000001490116 2 120 71 769
0 502 54 0.930000007152557 2 120 71 770
1 545 39 0.800000011920929 2 120 71 771
1 527 50 1.26999998092651 2 120 71 772
1 523 70 -0.689999997615814 3 209 71 773
1 517 80 0.159999996423721 3 209 71 774
1 561 34 0.910000026226044 1.83000004291534 264 71 775
1 452 49 2.05999994277954 1.83000004291534 264 71 776
1 477 1 0.0199999995529652 1.83000004291534 264 71 777
0 480 43 -0.200000002980232 1.83000004291534 264 71 778
1 556 2 0.720000028610229 1.83000004291534 264 71 779
1 473 55 0.280000001192093 1.83000004291534 264 71 780
1 543 78 0.800000011920929 1.83000004291534 264 71 781
0 502 63 0.239999994635582 3.82999992370605 304 71 782
0 513 10 0.970000028610229 3.82999992370605 304 71 783
1 446 72 0.300000011920929 3.82999992370605 304 71 784
0 506 29 0.46000000834465 3.82999992370605 304 71 785
0 542 77 0.600000023841858 2.5 29 72 786
0 469 88 0.800000011920929 2.5 29 72 787
1 510 20 -0.379999995231628 2.5 29 72 788
0 523 28 -0.219999998807907 3 148 72 789
0 510 51 0.560000002384186 3 148 72 790
1 532 47 -0.370000004768372 3 148 72 791
1 498 37 0.370000004768372 3 148 72 792
1 524 113 1.95000004768372 2 243 72 793
1 520 16 0.689999997615814 2 243 72 794
1 488 53 0.270000010728836 2 243 72 795
0 478 28 0.620000004768372 2 243 72 796
1 489 70 -0.0299999993294477 2.5 213 73 797
0 426 44 -0.720000028610229 2.5 213 73 798
0 442 28 -0.0700000002980232 2.5 213 73 799
0 422 93 -0.550000011920929 2.29999995231628 276 73 800
0 466 46 -0.109999999403954 2.29999995231628 276 73 801
1 523 37 0.540000021457672 2.29999995231628 276 73 802
0 393 95 -0.839999973773956 2.29999995231628 276 73 803
0 436 51 0.170000001788139 2.29999995231628 276 73 804
1 435 11 -0.0399999991059303 2.29999995231628 276 73 805
1 479 38 0.469999998807907 2.29999995231628 276 73 806
0 411 118 -0.610000014305115 3 232 74 807
0 496 -2 0.620000004768372 3 232 74 808
0 433 59 -0.980000019073486 3.82999992370605 295 74 809
1 490 60 -0.0299999993294477 1.83000004291534 39 75 810
1 452 66 -0.879999995231628 1.83000004291534 39 75 811
0 510 147 -0.469999998807907 2.5 42 75 812
1 461 106 0.389999985694885 2.5 42 75 813
1 457 36 0.0900000035762787 2.5 42 75 814
0 438 53 -1.51999998092651 2.5 42 75 815
1 486 57 -0.959999978542328 2.5 42 75 816
0 504 97 0.270000010728836 2.5 42 75 817
1 455 58 -0.860000014305115 2.5 42 75 818
1 436 116 -0.610000014305115 2.5 42 75 819
1 451 80 -1.08000004291534 2.5 42 75 820
1 508 58 -0.0399999991059303 2.5 42 75 821
1 533 19 -0.0900000035762787 2 154 75 822
1 476 110 0.0199999995529652 2 154 75 823
1 396 78 -1.05999994277954 2 181 75 824
0 428 23 -1 3 8 76 825
0 482 58 0.810000002384186 3 8 76 826
0 523 25 0.46000000834465 3 8 76 827
1 505 -15 0.409999996423721 3 8 76 828
0 429 46 0.170000001788139 2.29999995231628 28 76 829
0 290 152 -0.449999988079071 2.29999995231628 28 76 830
1 485 62 -0.829999983310699 2.29999995231628 28 76 831
1 495 19 -0.219999998807907 2.29999995231628 28 76 832
1 470 13 0.0399999991059303 2.29999995231628 28 76 833
0 456 38 0.159999996423721 2.32999992370605 136 76 834
0 474 58 0.0299999993294477 2.32999992370605 136 76 835
0 480 -10 0.100000001490116 2.32999992370605 136 76 836
0 458 61 0.409999996423721 2.32999992370605 136 76 837
1 438 56 -0.349999994039536 2.32999992370605 136 76 838
0 449 69 0.189999997615814 2.32999992370605 136 76 839
1 455 73 -0.910000026226044 2.29999995231628 277 76 840
1 458 -3 -0.140000000596046 2.29999995231628 277 76 841
1 503 25 0.170000001788139 2.29999995231628 277 76 842
1 469 33 0.839999973773956 2.29999995231628 277 76 843
0 426 19 -0.230000004172325 2.29999995231628 277 76 844
1 451 60 0.629999995231628 2.29999995231628 277 76 845
1 437 35 0.0700000002980232 2.29999995231628 277 76 846
0 485 50 -0.140000000596046 3.25 287 76 847
0 441 59 0.100000001490116 3.25 287 76 848
0 433 46 -0.319999992847443 3.25 287 76 849
1 439 61 0.449999988079071 3.25 287 76 850
0 417 75 -0.119999997317791 3.25 287 76 851
0 463 59 1.10000002384186 1 27 77 852
1 482 60 1.72000002861023 1 27 77 853
0 469 72 1.03999996185303 1 27 77 854
0 450 17 0.720000028610229 1 27 77 855
1 453 52 0.200000002980232 1 27 77 856
1 522 52 0.0799999982118607 1 27 77 857
1 468 58 0.689999997615814 2.29999995231628 53 77 858
0 458 125 1.60000002384186 2.29999995231628 53 77 859
1 514 5 0.560000002384186 2.29999995231628 53 77 860
0 427 71 -0.0299999993294477 2.29999995231628 53 77 861
1 501 56 1.11000001430511 2.29999995231628 53 77 862
1 471 57 -0.319999992847443 5 189 77 863
1 515 28 1.41999995708466 5 189 77 864
0 431 101 0.219999998807907 5 189 77 865
0 500 44 1.26999998092651 5 189 77 866
0 477 27 -0.0900000035762787 5 189 77 867
1 489 64 1 5 189 77 868
1 484 65 0.270000010728836 5 189 77 869
1 475 49 1.28999996185303 5 189 77 870
0 514 67 1.05999994277954 5 189 77 871
0 493 33 0.550000011920929 2.25 305 77 872
0 514 31 0.819999992847443 2.25 305 77 873
1 497 81 1.28999996185303 2.25 305 77 874
0 510 57 -0.0900000035762787 2.25 305 77 875
0 474 56 -0.0299999993294477 2 13 78 876
0 478 12 -0.0299999993294477 2 13 78 877
1 482 49 0.810000002384186 2 13 78 878
0 463 24 0.00999999977648258 2 13 78 879
0 461 75 -0.209999993443489 2 13 78 880
0 512 25 -0.610000014305115 2 13 78 881
1 439 77 -0.939999997615814 2 13 78 882
1 473 6 0.0599999986588955 2 13 78 883
0 435 26 -1.28999996185303 2 13 78 884
0 419 85 -1.05999994277954 1.5 111 78 885
1 430 30 -0.46000000834465 1.5 111 78 886
1 476 13 -0.469999998807907 1.5 111 78 887
1 472 40 -1.0900000333786 2 183 78 888
0 427 11 -0.0299999993294477 2 183 78 889
1 488 2 -0.0299999993294477 2 183 78 890
1 436 50 -1.21000003814697 2 23 79 891
1 462 43 1.57000005245209 2 112 79 892
1 401 74 -0.219999998807907 2 112 79 893
1 468 31 0.360000014305115 2.5 253 79 894
1 451 87 1.33000004291534 2.5 253 79 895
1 531 24 0.920000016689301 2.5 253 79 896
0 438 139 0.109999999403954 2.5 253 79 897
1 467 49 -0.129999995231628 2.5 253 79 898
0 506 24 1.12999999523163 2.5 253 79 899
1 457 96 -0.170000001788139 2.5 253 79 900
1 402 55 -1.25999999046326 2.5 253 79 901
0 473 92 0.180000007152557 2.5 253 79 902
1 432 110 0.509999990463257 2.42000007629395 222 80 903
0 433 73 -0.939999997615814 2.42000007629395 222 80 904
1 484 69 -0.370000004768372 2.42000007629395 222 80 905
1 457 101 -0.0799999982118607 2.42000007629395 222 80 906
0 449 52 -0.509999990463257 4 308 80 907
0 481 74 -0.140000000596046 4 308 80 908
1 466 43 -0.370000004768372 4 308 80 909
1 461 74 -0.660000026226044 2.5 116 81 910
1 447 102 -0.509999990463257 2.5 116 81 911
1 474 90 0.0399999991059303 2 174 81 912
0 430 74 -0.0299999993294477 2 174 81 913
1 452 44 -0.670000016689301 2 174 81 914
1 428 53 -0.419999986886978 2 174 81 915
0 452 66 -0.730000019073486 2 174 81 916
1 485 40 -0.779999971389771 2 174 81 917
1 458 48 -0.439999997615814 2 174 81 918
0 443 60 -0.330000013113022 2 164 82 919
0 407 79 -0.330000013113022 2 164 82 920
0 424 93 0.930000007152557 2 164 82 921
0 463 23 0.529999971389771 2 164 82 922
0 499 26 0.509999990463257 2 164 82 923
0 432 80 -0.209999993443489 2.25 169 82 924
1 479 109 0.709999978542328 2.25 169 82 925
0 443 86 1.11000001430511 2.25 169 82 926
1 444 26 -0.270000010728836 2.25 169 82 927
1 513 51 0.949999988079071 2.25 169 82 928
1 484 48 1.27999997138977 2.25 169 82 929
0 353 46 -1.16999995708466 2.25 184 82 930
0 450 49 1.57000005245209 2.25 184 82 931
0 472 55 0.519999980926514 2.25 184 82 932
0 441 39 1.52999997138977 2.25 184 82 933
0 487 36 0.00999999977648258 2.25 184 82 934
1 450 30 -0.270000010728836 2.5 225 82 935
1 431 66 -0.0799999982118607 2.5 225 82 936
0 450 74 0.259999990463257 2.5 225 82 937
1 437 55 0.109999999403954 6 165 83 938
1 529 77 -1.14999997615814 6 165 83 939
1 423 93 -0.439999997615814 6 165 83 940
1 480 60 -0.360000014305115 6 165 83 941
1 498 40 -0.400000005960464 6 165 83 942
0 512 76 1.79999995231628 6 165 83 943
1 466 22 -1.30999994277954 3.5 235 83 944
0 447 10 -0.540000021457672 3.5 235 83 945
1 492 74 -0.239999994635582 3.5 235 83 946
0 492 45 0.00999999977648258 3.5 235 83 947
1 467 67 0.270000010728836 3.5 235 83 948
0 476 54 0.379999995231628 3.5 235 83 949
0 398 86 -0.0599999986588955 2 76 84 950
1 407 60 -1.25999999046326 2 76 84 951
1 430 96 -0.0299999993294477 2 76 84 952
1 471 58 -0.310000002384186 2 76 84 953
1 449 42 -0.720000028610229 1.5 143 84 954
1 406 107 -0.930000007152557 1.5 143 84 955
1 459 129 0.0199999995529652 1.5 143 84 956
0 436 75 -0.0500000007450581 1.5 143 84 957
1 430 84 -0.810000002384186 1.5 143 84 958
0 418 85 -0.990000009536743 1.5 143 84 959
1 392 108 -0.589999973773956 1.5 161 84 960
0 484 28 -0.449999988079071 1.5 161 84 961
0 418 88 -1.01999998092651 1.5 161 84 962
1 427 96 -0.709999978542328 1.5 161 84 963
0 520 29 0.330000013113022 2.17000007629395 66 85 964
1 561 -13 1.72000002861023 2.17000007629395 66 85 965
0 473 66 -0.379999995231628 2.17000007629395 66 85 966
0 513 25 0.680000007152557 2.17000007629395 66 85 967
0 517 44 0.959999978542328 2.17000007629395 66 85 968
1 523 79 -0.109999999403954 2.17000007629395 66 85 969
1 514 65 -0.740000009536743 4 84 85 970
0 527 59 -0.109999999403954 2 157 85 971
0 458 99 0.980000019073486 2 157 85 972
1 516 13 0.150000005960464 2 157 85 973
1 526 79 0.699999988079071 2 157 85 974
0 510 -4 -1.21000003814697 2.75 186 85 975
1 509 17 0.00999999977648258 2.75 186 85 976
1 502 55 -0.759999990463257 2.75 186 85 977
0 496 -10 -0.639999985694885 2.75 186 85 978
1 389 136 -0.180000007152557 2.75 186 85 979
0 532 30 0.28999999165535 2.75 186 85 980
1 547 133 0.280000001192093 2 196 85 981
1 515 96 0.720000028610229 2 196 85 982
0 448 58 0.119999997317791 2 196 85 983
0 525 20 0.259999990463257 3.25 65 86 984
0 431 -28 0.560000002384186 2.5 132 86 985
0 453 63 -0.109999999403954 2.5 132 86 986
1 465 41 -0.119999997317791 2.5 132 86 987
0 446 52 1.26999998092651 2.5 275 86 988
1 468 42 0.870000004768372 2.5 275 86 989
0 441 51 -0.25 2.5 275 86 990
0 477 67 -0.0299999993294477 4 21 87 991
0 486 42 -0.610000014305115 4 21 87 992
0 499 35 -0.0299999993294477 4 21 87 993
0 471 52 -0.0299999993294477 4 21 87 994
1 531 17 -0.670000016689301 2 72 87 995
1 494 57 -0.330000013113022 2 72 87 996
0 497 63 -1.28999996185303 2 72 87 997
0 537 2 -0.620000004768372 1.5 106 87 998
1 482 46 0.509999990463257 1.5 106 87 999
1 446 77 -0.860000014305115 4.5 187 87 1000
1 460 2 -1.48000001907349 2 67 88 1001
1 488 40 -1.01999998092651 2 67 88 1002
1 451 18 -0.0299999993294477 2 312 88 1003
0 421 52 0.600000023841858 2 312 88 1004
1 374 69 0.660000026226044 2 312 88 1005
1 428 51 -0.479999989271164 2 312 88 1006
1 513 39 0.759999990463257 1 292 89 1007
0 491 11 -0.25 1 292 89 1008
1 427 80 -0.379999995231628 1 292 89 1009
0 524 69 1.11000001430511 1 292 89 1010
1 453 34 -0.239999994635582 2 52 90 1011
0 506 -13 -0.129999995231628 2 52 90 1012
0 424 130 0.00999999977648258 4 238 90 1013
1 495 34 0.639999985694885 2.29999995231628 15 91 1014
1 454 32 0.180000007152557 1 45 91 1015
1 462 39 0.5 1 45 91 1016
0 517 30 0.419999986886978 1 45 91 1017
0 448 39 2.01999998092651 1 45 91 1018
0 489 -18 1 1 45 91 1019
1 423 102 0.109999999403954 1.25 151 91 1020
0 461 53 -0.0599999986588955 1.25 151 91 1021
0 435 42 -0.620000004768372 1 231 91 1022
1 422 85 -0.0299999993294477 1 231 91 1023
1 473 70 -0.360000014305115 1 231 91 1024
0 477 43 -0.300000011920929 1 231 91 1025
0 536 46 1.08000004291534 1 231 91 1026
1 429 54 1.12000000476837 1 231 91 1027
1 424 66 0.699999988079071 1 231 91 1028
0 446 58 -0.0500000007450581 1 231 91 1029
1 485 48 0.0500000007450581 2.5 173 92 1030
1 473 60 0.170000001788139 2.5 173 92 1031
1 448 34 0.720000028610229 2.25 199 92 1032
0 569 93 0.910000026226044 2 248 92 1033
1 460 45 -0.140000000596046 2 248 92 1034
0 433 67 0 2 248 92 1035
1 438 75 -0.0299999993294477 2 248 92 1036
0 477 58 0.0199999995529652 2 248 92 1037
1 443 97 -0.140000000596046 2 248 92 1038
1 483 63 0.649999976158142 2.5 123 93 1039
0 476 31 0.540000021457672 2.5 123 93 1040
0 542 58 0.109999999403954 2.5 123 93 1041
1 495 37 0.360000014305115 2.5 123 93 1042
0 492 54 1.27999997138977 2.5 123 93 1043
0 502 30 0.0799999982118607 2.5 123 93 1044
1 524 34 0.409999996423721 2.5 123 93 1045
1 465 51 -1.35000002384186 2.5 123 93 1046
0 532 -6 -0.0299999993294477 2.5 126 93 1047
0 534 28 -0.0299999993294477 2.5 126 93 1048
1 468 43 0.620000004768372 2.5 126 93 1049
0 489 14 0.0199999995529652 2.5 126 93 1050
0 482 48 0.409999996423721 2.5 126 93 1051
0 493 28 0.670000016689301 2.5 126 93 1052
1 460 72 0.689999997615814 2 182 93 1053
1 480 51 0.0799999982118607 2 182 93 1054
1 499 78 0.0199999995529652 2 182 93 1055
1 531 59 0.419999986886978 2 182 93 1056
0 509 34 0 2 182 93 1057
1 517 42 0.00999999977648258 2.29999995231628 194 93 1058
1 532 30 -0.129999995231628 2.29999995231628 194 93 1059
0 471 83 -0.0799999982118607 3 134 94 1060
1 464 92 0.439999997615814 3 134 94 1061
1 485 97 0.129999995231628 3 134 94 1062
0 470 125 0.550000011920929 3 134 94 1063
0 430 58 0.119999997317791 3 224 94 1064
0 478 44 0.330000013113022 3 224 94 1065
1 459 42 -0.0299999993294477 3 224 94 1066
0 452 63 -0.870000004768372 3 224 94 1067
1 500 74 -0.0500000007450581 3 224 94 1068
1 386 72 -0.25 1 282 94 1069
0 367 112 0.230000004172325 1 282 94 1070
1 426 109 -0.230000004172325 1 306 94 1071
1 410 121 0.610000014305115 1 306 94 1072
1 428 95 -0.25 1 306 94 1073
1 476 51 -1.05999994277954 1 306 94 1074
1 523 43 1.36000001430511 2 140 95 1075
1 488 51 0.730000019073486 2 140 95 1076
0 500 35 -0.330000013113022 2 144 95 1077
1 290 203 -0.319999992847443 2 144 95 1078
1 539 5 0.330000013113022 2 144 95 1079
1 447 43 -0.449999988079071 2.29999995231628 109 96 1080
0 427 70 -0.200000002980232 2.29999995231628 109 96 1081
1 453 40 0.349999994039536 2.29999995231628 109 96 1082
1 494 43 -0.449999988079071 2.29999995231628 109 96 1083
1 501 12 0.319999992847443 2.17000007629395 185 96 1084
0 463 53 0.150000005960464 2 237 96 1085
1 459 52 -0.230000004172325 2 237 96 1086
1 458 56 -0.649999976158142 2 237 96 1087
1 441 85 0.0399999991059303 2.5 75 97 1088
0 421 108 -0.259999990463257 2.5 75 97 1089
1 498 98 0.5 2.5 75 97 1090
0 456 16 -1.0900000333786 2.5 75 97 1091
0 551 8 0.46000000834465 2.5 75 97 1092
0 458 80 0.939999997615814 2.5 75 97 1093
1 461 37 0.889999985694885 2.5 221 98 1094
0 398 61 -0.649999976158142 2.5 221 98 1095
1 390 89 -0.419999986886978 1.58000004291534 205 99 1096
0 463 72 -0.810000002384186 1.58000004291534 205 99 1097
0 479 78 -0.519999980926514 1.58000004291534 205 99 1098
0 505 45 -0.529999971389771 1.58000004291534 205 99 1099
1 440 49 0.180000007152557 1.58000004291534 205 99 1100
0 523 20 -0.0299999993294477 1.58000004291534 205 99 1101
1 448 43 -0.150000005960464 1.58000004291534 205 99 1102
1 507 14 0.439999997615814 1.58000004291534 205 99 1103
1 413 89 -0.430000007152557 1.58000004291534 205 99 1104
1 385 24 -0.730000019073486 3.17000007629395 214 99 1105
1 448 45 -0.0299999993294477 3 226 99 1106
0 449 72 -0.0299999993294477 3 226 99 1107
0 428 114 -0.870000004768372 1.16999995708466 236 99 1108
0 431 47 -0.150000005960464 1.16999995708466 236 99 1109
1 419 53 -0.790000021457672 4 266 99 1110
0 452 17 -0.810000002384186 4 266 99 1111
0 472 51 -0.310000002384186 4 266 99 1112
1 474 41 -0.270000010728836 4 266 99 1113
0 470 24 -0.490000009536743 4 266 99 1114
0 456 10 -0.930000007152557 1.5 74 100 1115
1 438 58 0.720000028610229 2.29999995231628 99 100 1116
0 461 80 -0.389999985694885 2 135 100 1117
1 481 77 -0.109999999403954 2 135 100 1118
1 454 116 0.0299999993294477 2 135 100 1119
1 499 82 -0.0299999993294477 2 135 100 1120
1 513 28 -0.360000014305115 2 135 100 1121
0 488 51 -0.829999983310699 2 135 100 1122
1 456 69 -0.0299999993294477 2 135 100 1123
1 476 41 -1.19000005722046 3.5 281 100 1124
1 483 86 -0.349999994039536 3.5 281 100 1125
0 504 35 1.37000000476837 3.5 281 100 1126
1 488 69 -0.899999976158142 3.5 281 100 1127
0 440 13 -0.930000007152557 2.5 68 101 1128
1 479 49 0.769999980926514 2.5 68 101 1129
0 494 87 -0.340000003576279 2.5 68 101 1130
0 532 0 0.340000003576279 2.5 68 101 1131
0 490 91 -0.639999985694885 2.75 138 101 1132
0 440 74 -0.0299999993294477 2.75 138 101 1133
0 370 69 -0.629999995231628 2.75 138 101 1134
1 434 69 0.270000010728836 2.75 138 101 1135
1 429 88 -0.360000014305115 2.75 138 101 1136
0 483 38 0.939999997615814 2.5 215 101 1137
1 486 20 -0.170000001788139 2.5 215 101 1138
0 411 87 -0.419999986886978 3.75 273 101 1139
0 504 43 0.740000009536743 3.75 273 101 1140
0 484 74 0 3.75 273 101 1141
1 372 118 0.180000007152557 3.75 273 101 1142
0 458 105 -0.200000002980232 3.75 273 101 1143
1 490 3 1.32000005245209 2 44 102 1144
0 496 25 -1.19000005722046 2 44 102 1145
0 376 11 0.620000004768372 2 44 102 1146
1 490 54 -1.04999995231628 2 44 102 1147
1 462 75 -0.620000004768372 2 44 102 1148
0 412 55 0.699999988079071 2 44 102 1149
1 406 129 -0.490000009536743 1.83000004291534 241 102 1150
0 488 87 -0.340000003576279 1.83000004291534 241 102 1151
1 437 37 -0.170000001788139 1.83000004291534 241 102 1152
1 465 54 -0.720000028610229 1.83000004291534 241 102 1153
0 462 58 -0.180000007152557 1.83000004291534 241 102 1154
0 455 71 0.28999999165535 4.5 37 103 1155
0 431 107 -0.0299999993294477 4 193 103 1156
0 458 55 1.80999994277954 4 193 103 1157
0 290 191 -0.519999980926514 2.25 247 103 1158
0 474 87 0.219999998807907 2.25 247 103 1159
1 453 95 0.180000007152557 2.25 247 103 1160
0 436 116 0.839999973773956 2.25 247 103 1161
1 421 77 0.949999988079071 2.25 247 103 1162
0 502 85 1.82000005245209 2 60 104 1163
0 423 51 -0.280000001192093 2 60 104 1164
1 451 61 -1.02999997138977 2 60 104 1165
0 403 138 0.980000019073486 3.75 129 104 1166
1 477 95 -0.0299999993294477 3.75 129 104 1167
1 410 96 -0.490000009536743 3.75 129 104 1168
1 405 95 0.490000009536743 3 33 105 1169
0 449 32 1.73000001907349 3 33 105 1170
0 446 17 -0.259999990463257 3 33 105 1171
0 432 105 0.230000004172325 3 33 105 1172
1 461 73 2.32999992370605 2.25 200 105 1173
1 523 51 -0.689999997615814 2.25 200 105 1174
0 448 71 -0.129999995231628 2.25 200 105 1175
0 506 70 -0.0299999993294477 2.25 200 105 1176
1 452 67 0.0299999993294477 2.25 200 105 1177
1 478 33 0.330000013113022 2.25 200 105 1178
0 547 -4 -0.209999993443489 2.5 62 106 1179
0 506 23 -0.600000023841858 2.5 62 106 1180
1 421 38 -1.51999998092651 2.67000007629395 96 107 1181
1 448 57 0.400000005960464 2.67000007629395 96 107 1182
1 521 30 2.03999996185303 2.67000007629395 96 107 1183
1 443 85 0.980000019073486 2.67000007629395 96 107 1184
1 422 56 -0.239999994635582 2.67000007629395 96 107 1185
1 502 47 0.159999996423721 2.67000007629395 96 107 1186
1 474 19 -1.01999998092651 2.67000007629395 96 107 1187
0 485 37 1.29999995231628 2.67000007629395 96 107 1188
0 473 44 -0.0299999993294477 2 239 107 1189
1 453 69 -0.370000004768372 2 239 107 1190
